   6.1678767E-02   93.01208       93.01208       93.01208              18
   0.1078196       31.38716       31.38716       31.38716              62
   0.1514808       24.56873       24.56872       24.56872              98
   0.1962567       15.13721       15.13721       15.13721             210
   0.2463773       8.990360       8.990360       8.990360             350
   0.2958864       6.258217       6.258217       6.258217             450
   0.3417927       5.006526       5.006526       5.006526             602
   0.3878694       4.073124       4.073124       4.073124             762
   0.4377633       3.102085       3.102085       3.102085            1142
   0.4878336       2.371208       2.371208       2.371208            1250
   0.5346159       1.992935       1.992935       1.992935            1458
   0.5813958       1.628776       1.628776       1.628776            1814
   0.6304837       1.346152       1.346152       1.346152            2178
   0.6792498       1.174885       1.174885       1.174885            2498
   0.7257835       1.021035       1.021035       1.021035            2622
   0.7735397      0.8852345      0.8852345      0.8852345            3338
   0.8231839      0.7869372      0.7869372      0.7869372            3722
   0.8725169      0.6636385      0.6636386      0.6636385            4170
   0.9200695      0.6258519      0.6258519      0.6258519            4358
   0.9675390      0.5449157      0.5449157      0.5449157            5034
    1.016528      0.4942702      0.4942702      0.4942702            5714
    1.065047      0.4446152      0.4446153      0.4446153            5982
    1.112698      0.3942111      0.3942112      0.3942112            6602
    1.160408      0.3563160      0.3563159      0.3563159            7130
    1.209018      0.3267684      0.3267684      0.3267684            8034
    1.258010      0.3037974      0.3037974      0.3037974            8606
    1.306347      0.2704041      0.2704040      0.2704041            9066
    1.354610      0.2592058      0.2592058      0.2592058            9962
    1.403078      0.2298208      0.2298208      0.2298208           10550
    1.451161      0.2222980      0.2222980      0.2222980           11226
    1.499277      0.2022547      0.2022547      0.2022547           12146
    1.547253      0.1885524      0.1885524      0.1885524           12606
    1.595322      0.1802257      0.1802257      0.1802256           13802
    1.644148      0.1622276      0.1622276      0.1622276           14754
    1.692568      0.1536405      0.1536405      0.1536405           15194
    1.740719      0.1435324      0.1435324      0.1435324           16454
    1.789263      0.1343815      0.1343815      0.1343815           17154
    1.837615      0.1302929      0.1302929      0.1302929           18266
    1.885549      0.1204953      0.1204953      0.1204953           18750
    1.933648      0.1143677      0.1143677      0.1143677           20234
    1.982365      0.1095895      0.1095895      0.1095895           21450
    2.030928      0.1038328      0.1038328      0.1038328           21962
    2.079186      9.8464236E-02  9.8464236E-02  9.8464236E-02       23462
    2.127371      9.1465645E-02  9.1465645E-02  9.1465645E-02       24042
    2.175945      8.8069409E-02  8.8069394E-02  8.8069394E-02       25946
    2.224190      8.3624415E-02  8.3624415E-02  8.3624415E-02       26118
    2.271949      7.9859845E-02  7.9859845E-02  7.9859845E-02       27506
    2.320017      7.6579496E-02  7.6579496E-02  7.6579496E-02       29066
    2.368821      7.3293582E-02  7.3293582E-02  7.3293582E-02       30450
    2.417569      6.9192760E-02  6.9192760E-02  6.9192760E-02       31742
    2.465713      6.6379979E-02  6.6379972E-02  6.6379972E-02       32250
    2.513965      6.3934937E-02  6.3934937E-02  6.3934937E-02       34250
    2.562482      6.0390595E-02  6.0390595E-02  6.0390588E-02       35454
    2.610762      5.8698840E-02  5.8698833E-02  5.8698840E-02       36434
    2.658743      5.6448899E-02  5.6448899E-02  5.6448892E-02       37682
    2.706786      5.4736968E-02  5.4736968E-02  5.4736968E-02       39294
    2.755397      5.2255683E-02  5.2255686E-02  5.2255686E-02       41426
    2.803955      5.0522055E-02  5.0522055E-02  5.0522055E-02       42066
    2.852044      4.8339199E-02  4.8339192E-02  4.8339192E-02       43490
    2.900412      4.6236321E-02  4.6236314E-02  4.6236321E-02       45702
    2.948965      4.4188462E-02  4.4188470E-02  4.4188470E-02       46634
    2.997321      4.3521181E-02  4.3521181E-02  4.3521181E-02       48554
    3.045233      4.2374708E-02  4.2374708E-02  4.2374708E-02       48870
    3.093159      4.0779356E-02  4.0779348E-02  4.0779348E-02       51554
    3.141876      3.8928691E-02  3.8928691E-02  3.8928691E-02       54090
    3.190546      3.7542075E-02  3.7542075E-02  3.7542075E-02       54314
    3.238900      3.6585595E-02  3.6585599E-02  3.6585599E-02       56910
    3.287152      3.5583876E-02  3.5583876E-02  3.5583876E-02       57482
    3.335616      3.4374941E-02  3.4374945E-02  3.4374945E-02       60626
    3.383898      3.3036109E-02  3.3036117E-02  3.3036109E-02       61206
    3.431914      3.2238837E-02  3.2238837E-02  3.2238837E-02       62570
    3.480199      3.1591691E-02  3.1591691E-02  3.1591691E-02       65730
    3.528604      3.0456429E-02  3.0456426E-02  3.0456429E-02       66686
    3.577125      2.9644748E-02  2.9644748E-02  2.9644748E-02       69698
    3.625444      2.8843377E-02  2.8843377E-02  2.8843377E-02       70026
    3.673711      2.7711503E-02  2.7711503E-02  2.7711503E-02       72746
    3.722145      2.6957113E-02  2.6957110E-02  2.6957110E-02       74910
    3.770421      2.6348785E-02  2.6348785E-02  2.6348785E-02       75722
    3.818488      2.5637455E-02  2.5637452E-02  2.5637452E-02       78378
    3.866709      2.5136551E-02  2.5136551E-02  2.5136553E-02       80030
    3.915118      2.4210177E-02  2.4210177E-02  2.4210177E-02       83186
    3.963609      2.3439618E-02  2.3439620E-02  2.3439620E-02       84666
    4.011992      2.2758586E-02  2.2758583E-02  2.2758586E-02       86546
    4.060233      2.2406759E-02  2.2406761E-02  2.2406761E-02       88134
    4.108503      2.1911886E-02  2.1911886E-02  2.1911886E-02       91538
    4.157208      2.1012165E-02  2.1012167E-02  2.1012163E-02       93138
    4.205418      2.0628257E-02  2.0628260E-02  2.0628259E-02       94478
    4.253591      2.0077834E-02  2.0077834E-02  2.0077834E-02       97274
    4.301870      1.9700494E-02  1.9700494E-02  1.9700494E-02       99690
    4.350494      1.9105898E-02  1.9105896E-02  1.9105896E-02      102590
    4.398926      1.8673282E-02  1.8673282E-02  1.8673282E-02      103770
    4.447096      1.8150203E-02  1.8150203E-02  1.8150203E-02      106346
    4.495437      1.7618557E-02  1.7618559E-02  1.7618557E-02      108546
    4.543609      1.7331757E-02  1.7331757E-02  1.7331757E-02      110726
    4.591661      1.6904078E-02  1.6904078E-02  1.6904078E-02      112322
    4.639731      1.6459493E-02  1.6459493E-02  1.6459493E-02      115890
    4.688289      1.5960515E-02  1.5960515E-02  1.5960515E-02      118766
    4.736896      1.5600090E-02  1.5600090E-02  1.5600090E-02      122298
    4.785339      1.5171850E-02  1.5171849E-02  1.5171850E-02      122090
    4.833313      1.4946456E-02  1.4946459E-02  1.4946459E-02      125810
    4.882212      1.4527398E-02  1.4527397E-02  1.4527397E-02      128190
    4.929861      1.4178298E-02  1.4178297E-02  1.4178297E-02      130994
    4.979134      1.3767396E-02  1.3767396E-02  1.3767396E-02      133722
    5.026383      1.3534633E-02  1.3534633E-02  1.3534632E-02      133886
    5.075304      1.3227103E-02  1.3227104E-02  1.3227103E-02      140538
    5.123491      1.2883199E-02  1.2883199E-02  1.2883199E-02      140594
    5.171821      1.2559380E-02  1.2559381E-02  1.2559380E-02      143594
    5.220248      1.2306890E-02  1.2306889E-02  1.2306889E-02      146310
    5.268280      1.2064619E-02  1.2064619E-02  1.2064619E-02      150650
    5.317603      1.1733788E-02  1.1733788E-02  1.1733788E-02      151914
    5.364558      1.1476411E-02  1.1476412E-02  1.1476411E-02      153398
    5.414055      1.1228492E-02  1.1228491E-02  1.1228492E-02      157866
    5.460675      1.0974785E-02  1.0974784E-02  1.0974786E-02      160658
    5.511023      1.0821049E-02  1.0821048E-02  1.0821048E-02      164102
    5.557897      1.0488764E-02  1.0488766E-02  1.0488765E-02      164994
    5.607091      1.0162411E-02  1.0162412E-02  1.0162413E-02      169850
    5.655078      9.9962857E-03  9.9962866E-03  9.9962866E-03      172986
    5.703551      9.7763240E-03  9.7763250E-03  9.7763250E-03      173894
    5.751724      9.5598828E-03  9.5598809E-03  9.5598828E-03      176778
    5.799407      9.2778327E-03  9.2778346E-03  9.2778346E-03      181802
    5.849142      9.1005461E-03  9.1005443E-03  9.1005461E-03      184430
    5.895567      8.9125624E-03  8.9125615E-03  8.9125624E-03      187242
    5.945621      8.7368554E-03  8.7368554E-03  8.7368554E-03      190250
    5.993032      8.5278591E-03  8.5278600E-03  8.5278600E-03      192570
    6.043053      8.3090356E-03  8.3090346E-03  8.3090356E-03      198254
    6.089717      8.1309332E-03  8.1309332E-03  8.1309332E-03      198074
    6.137962      7.9445560E-03  7.9445550E-03  7.9445560E-03      202050
    6.186505      7.7651865E-03  7.7651860E-03  7.7651865E-03      205502
    6.235938      7.6056481E-03  7.6056481E-03  7.6056481E-03      210666
    6.284073      7.4526402E-03  7.4526393E-03  7.4526402E-03      212426
    6.330354      7.2570601E-03  7.2570597E-03  7.2570601E-03      213918
    6.379422      7.1306834E-03  7.1306839E-03  7.1306834E-03      220994
    6.429459      6.9377129E-03  6.9377129E-03  6.9377129E-03      221522
    6.478446      6.8337116E-03  6.8337107E-03  6.8337116E-03      226314
    6.523923      6.6726548E-03  6.6726552E-03  6.6726552E-03      227294
    6.571976      6.5005780E-03  6.5005785E-03  6.5005780E-03      232962
    6.622574      6.3811829E-03  6.3811815E-03  6.3811820E-03      237818
    6.671826      6.2448233E-03  6.2448243E-03  6.2448243E-03      238398
    6.718493      6.1358535E-03  6.1358516E-03  6.1358525E-03      241418
    6.764983      5.9772651E-03  5.9772641E-03  5.9772646E-03      246818
    6.814325      5.8430741E-03  5.8430745E-03  5.8430750E-03      249906
    6.865282      5.7139667E-03  5.7139671E-03  5.7139667E-03      254702
    6.912984      5.5758562E-03  5.5758567E-03  5.5758562E-03      254418
    6.957846      5.4757460E-03  5.4757455E-03  5.4757455E-03      260354
    7.005814      5.3771515E-03  5.3771520E-03  5.3771520E-03      264974
    7.058771      5.2145417E-03  5.2145422E-03  5.2145417E-03      268722
    7.106986      5.1280884E-03  5.1280884E-03  5.1280884E-03      271562
    7.152892      4.9949135E-03  4.9949125E-03  4.9949125E-03      275586
    7.199611      4.8908568E-03  4.8908568E-03  4.8908563E-03      280190
    7.250181      4.8168539E-03  4.8168539E-03  4.8168539E-03      282834
    7.301027      4.6860995E-03  4.6860995E-03  4.6860995E-03      285170
    7.347801      4.5841364E-03  4.5841364E-03  4.5841364E-03      289886
    7.392102      4.5047305E-03  4.5047305E-03  4.5047305E-03      294474
    7.441756      4.3935115E-03  4.3935115E-03  4.3935115E-03      299498
    7.494900      4.3013510E-03  4.3013510E-03  4.3013510E-03      299958
    7.538468      4.1979370E-03  4.1979365E-03  4.1979365E-03      305858
    7.591472      4.1093049E-03  4.1093053E-03  4.1093053E-03      310794
    7.633136      4.0180059E-03  4.0180064E-03  4.0180059E-03      313082
    7.685381      3.9364644E-03  3.9364644E-03  3.9364644E-03      316046
    7.737830      3.8645393E-03  3.8645389E-03  3.8645393E-03      322218
    7.776211      3.7567585E-03  3.7567590E-03  3.7567590E-03      328562
    7.833528      3.7010608E-03  3.7010608E-03  3.7010608E-03      327990
    7.876572      3.6247014E-03  3.6247014E-03  3.6247009E-03      335282
    7.924974      3.5373601E-03  3.5373601E-03  3.5373601E-03      335970
    7.982007      3.4723100E-03  3.4723100E-03  3.4723100E-03      344066
    8.016397      3.4026101E-03  3.4026101E-03  3.4026101E-03      343718
    8.073206      3.3268041E-03  3.3268041E-03  3.3268041E-03      351498
    8.122902      3.2566816E-03  3.2566816E-03  3.2566816E-03      354458
    8.160968      3.1855395E-03  3.1855400E-03  3.1855395E-03      358566
    8.226505      3.1157546E-03  3.1157546E-03  3.1157546E-03      366122
    8.258780      3.0552766E-03  3.0552766E-03  3.0552766E-03      365810
    8.313512      2.9885024E-03  2.9885024E-03  2.9885022E-03      371622
    8.367710      2.9391893E-03  2.9391889E-03  2.9391893E-03      375986
    8.398617      2.8774785E-03  2.8774785E-03  2.8774785E-03      382170
    8.468803      2.8139369E-03  2.8139364E-03  2.8139364E-03      381818
    8.502365      2.7657244E-03  2.7657244E-03  2.7657244E-03      389574
    8.551925      2.7020809E-03  2.7020809E-03  2.7020809E-03      393698
    8.612800      2.6477398E-03  2.6477403E-03  2.6477398E-03      399458
    8.640560      2.5910463E-03  2.5910458E-03  2.5910465E-03      402222
    8.706723      2.5416713E-03  2.5416715E-03  2.5416713E-03      406922
    8.749428      2.4875929E-03  2.4875929E-03  2.4875929E-03      412842
    8.787422      2.4508599E-03  2.4508596E-03  2.4508596E-03      415346
    8.858316      2.3887749E-03  2.3887753E-03  2.3887751E-03      421182
    8.884026      2.3382138E-03  2.3382138E-03  2.3382136E-03      425018
    8.943640      2.2898684E-03  2.2898684E-03  2.2898682E-03      431138
    8.996011      2.2468881E-03  2.2468884E-03  2.2468884E-03      434382
    9.021024      2.2052138E-03  2.2052140E-03  2.2052138E-03      439514
    9.104210      2.1664901E-03  2.1664898E-03  2.1664901E-03      444738
    9.128905      2.1246416E-03  2.1246416E-03  2.1246413E-03      448910
    9.180708      2.0832152E-03  2.0832147E-03  2.0832149E-03      450618
    9.241844      2.0438826E-03  2.0438826E-03  2.0438826E-03      459554
    9.264398      2.0031685E-03  2.0031692E-03  2.0031687E-03      463106
    9.335920      1.9654590E-03  1.9654587E-03  1.9654590E-03      467094
    9.376021      1.9255641E-03  1.9255641E-03  1.9255641E-03      474938
    9.421781      1.8852437E-03  1.8852438E-03  1.8852437E-03      477186
    9.488300      1.8480356E-03  1.8480354E-03  1.8480355E-03      484670
    9.509024      1.8174290E-03  1.8174292E-03  1.8174291E-03      487010
    9.566148      1.7847922E-03  1.7847921E-03  1.7847921E-03      493314
    9.618989      1.7509534E-03  1.7509534E-03  1.7509536E-03      496322
    9.663960      1.7146957E-03  1.7146959E-03  1.7146957E-03      501702
