26029369.665856 25095739.759407 26962999.572306 0.058128 11.682194 Detection
348853447.781823 336240292.379651 361466603.183995 0.125754 11.682194 Detection
390195574.411143 271311199.017711 509079949.804574 0.259931 11.682194 Detection
1971634969.897772 1504517151.076898 2438752788.718647 0.496034 11.682194 Detection
5150245486.726675 3687267647.032501 6613223326.420848 0.730150 11.682194 Detection
28359218289.202732 19343572688.628117 37374863889.777359 1.524758 11.682194 Detection
176377471.828217 19597496.869802 176377471.828217 0.188340 11.682194 2sigUL
411129245.176783 45681027.241865 411129245.176783 0.341541 11.682194 2sigUL
6993924296.361826 777102699.595758 6993924296.361826 1.053083 11.682194 2sigUL
47186296363.730156 5242921818.192239 47186296363.730156 2.208737 11.682194 2sigUL
134177672758.422836 14908630306.491425 134177672758.422836 3.146093 11.682194 2sigUL
830046680141.710938 92227408904.634552 830046680141.710938 4.638614 11.682194 2sigUL
137158461.074958 128572807.066806 145744115.083109 0.126570 10.868364 Detection
657184599.928342 571030728.345848 743338471.510835 0.263296 10.868364 Detection
1119144139.285963 777095639.874077 1461192638.697849 0.515279 10.868364 Detection
1163249.188562 129249.909840 1163249.188562 0.060031 10.868364 2sigUL
56493225.564198 6277025.062689 56493225.564198 0.189825 10.868364 2sigUL
320133227.546063 35570358.616229 320133227.546063 0.361156 10.868364 2sigUL
3423051027.326252 380339003.036250 3423051027.326252 0.756036 10.868364 2sigUL
11564767938.334177 1284974215.370465 11564767938.334177 1.100851 10.868364 2sigUL
13221376449.849581 1469041827.761065 13221376449.849581 1.565131 10.868364 2sigUL
40959701602.361725 4551077955.817969 40959701602.361725 2.266572 10.868364 2sigUL
183916463287.095215 20435162587.455025 183916463287.095215 3.257420 10.868364 2sigUL
710310375870.112793 78923375096.679199 710310375870.112793 4.795644 10.868364 2sigUL
144766198.175968 137295104.668727 152237291.683209 0.134950 10.152683 Detection
295615660.762441 225740847.431278 365490474.093605 0.274328 10.152683 Detection
1317153337.779631 1025720845.580516 1608585829.978745 0.528513 10.152683 Detection
863580.946820 95953.438536 863580.946820 0.062948 10.152683 2sigUL
48743682.422177 5415964.713575 48743682.422177 0.195079 10.152683 2sigUL
251067013.842958 27896334.871440 251067013.842958 0.377473 10.152683 2sigUL
2629649951.095660 292183327.899518 2629649951.095660 0.767139 10.152683 2sigUL
9018470705.158632 1002052300.573182 9018470705.158632 1.111431 10.152683 2sigUL
12126694941.768726 1347410549.085414 12126694941.768726 1.611843 10.152683 2sigUL
65822029030.533867 7313558781.170429 65822029030.533867 2.357100 10.152683 2sigUL
94661679554.427429 10517964394.936380 94661679554.427429 3.379094 10.152683 2sigUL
321452474054.295166 35716941561.588348 321452474054.295166 4.948221 10.152683 2sigUL
129273346.463828 125431155.840241 133115537.087415 0.135210 9.518408 Detection
109429466.043128 79768740.759442 139090191.326814 0.267426 9.518408 Detection
1764118376.481369 1620069168.407507 1908167584.555232 0.543110 9.518408 Detection
669604.937791 74400.548643 669604.937791 0.064748 9.518408 2sigUL
33117874.088388 3679763.787599 33117874.088388 0.188709 9.518408 2sigUL
115159204.103638 12795467.122626 115159204.103638 0.381640 9.518408 2sigUL
1576806057.019234 175200673.002137 1576806057.019234 0.788489 9.518408 2sigUL
2089513301.201918 232168144.577991 2089513301.201918 1.154086 9.518408 2sigUL
9617063756.981316 1068562639.664591 9617063756.981316 1.663190 9.518408 2sigUL
25883728941.998600 2875969882.444289 25883728941.998600 2.431573 9.518408 2sigUL
65087756836.683258 7231972981.853695 65087756836.683258 3.486875 9.518408 2sigUL
327840686865.867981 36426742985.096436 327840686865.867981 5.096494 9.518408 2sigUL
182935512.538795 174683821.847849 191187203.229741 0.131737 8.952395 Detection
157596486.778926 129549818.205108 185643155.352744 0.194803 8.952395 Detection
2709764890.561456 2379769982.434185 3039759798.688726 0.558021 8.952395 Detection
7617019026.874294 6621685327.324965 8612352726.423624 0.808596 8.952395 Detection
1301700.108632 144633.345404 1301700.108632 0.067793 8.952395 2sigUL
232046545.225738 25782949.469527 232046545.225738 0.273894 8.952395 2sigUL
532092721.837766 59121413.537530 532092721.837766 0.393188 8.952395 2sigUL
4766947503.381839 529660833.709093 4766947503.381839 1.169409 8.952395 2sigUL
12659407860.304867 1406600873.367207 12659407860.304867 1.712011 8.952395 2sigUL
36197364418.576874 4021929379.841875 36197364418.576874 2.500523 8.952395 2sigUL
102753987234.097015 11417109692.677444 102753987234.097015 3.584026 8.952395 2sigUL
826178867448.072266 91797651938.674698 826178867448.072266 5.240869 8.952395 2sigUL
99438827.174720 89709420.675459 109168233.673981 0.138421 8.444187 Detection
2574368244.249245 2182864423.429686 2965872065.068802 0.572404 8.444187 Detection
4864811297.708378 3671105040.012162 6058517555.404592 0.826526 8.444187 Detection
10378717020.745609 7374783959.831058 13382650081.660162 1.214546 8.444187 Detection
3152535.726887 350281.747432 3152535.726887 0.068218 8.444187 2sigUL
98179082.700052 10908786.966672 98179082.700052 0.200006 8.444187 2sigUL
193367593.538528 21485288.170948 193367593.538528 0.284391 8.444187 2sigUL
346829465.394732 38536607.266081 346829465.394732 0.400907 8.444187 2sigUL
14568995907.183655 1618777323.020406 14568995907.183655 1.754683 8.444187 2sigUL
60434315101.155907 6714923900.128435 60434315101.155907 2.566153 8.444187 2sigUL
116361677481.192856 12929075275.688095 116361677481.192856 3.679947 8.444187 2sigUL
632364619873.814575 70262735541.534958 632364619873.814575 5.381061 8.444187 2sigUL
12760413.671809 12208080.505780 13312746.837838 0.071197 7.985360 Detection
151941057.565264 145274583.062679 158607532.067849 0.138101 7.985360 Detection
81481768.180187 60135423.339944 102828113.020430 0.206491 7.985360 Detection
302806089.890959 242441036.243853 363171143.538066 0.300639 7.985360 Detection
3741358321.167824 2977074972.917300 4505641669.418349 0.866293 7.985360 Detection
221338171.390802 24593130.154534 221338171.390802 0.404881 7.985360 2sigUL
992373252.404958 110263694.711662 992373252.404958 0.582830 7.985360 2sigUL
7642239166.387239 849137685.154138 7642239166.387239 1.244343 7.985360 2sigUL
9718535576.799446 1079837286.311049 9718535576.799446 1.805336 7.985360 2sigUL
26900879914.326500 2988986657.147390 26900879914.326500 2.637358 7.985360 2sigUL
128440482928.976257 14271164769.886250 128440482928.976257 3.792911 7.985360 2sigUL
306960003930.599731 34106667103.399967 306960003930.599731 5.518526 7.985360 2sigUL
52609467.042793 51237343.737768 53981590.347817 0.071538 7.569050 Detection
131312639.066583 118318960.552629 144306317.580537 0.141510 7.569050 Detection
1693137787.419023 1219577434.159523 2166698140.678522 0.589797 7.569050 Detection
6711270036.142220 5135831959.254785 8286708113.029655 0.892683 7.569050 Detection
198918597.012144 22102066.334683 198918597.012144 0.216611 7.569050 2sigUL
484983923.711004 53887102.634556 484983923.711004 0.299520 7.569050 2sigUL
756735252.444672 84081694.716075 756735252.444672 0.412005 7.569050 2sigUL
6819238156.823733 757693128.535970 6819238156.823733 1.285129 7.569050 2sigUL
18395328655.284557 2043925406.142729 18395328655.284557 1.849088 7.569050 2sigUL
89083902493.166718 9898211388.129635 89083902493.166718 2.696267 7.569050 2sigUL
140285363853.154724 15587262650.350527 140285363853.154724 3.884820 7.569050 2sigUL
549121920521.991394 61013546724.665718 549121920521.991394 5.652239 7.569050 2sigUL
1066147379.131855 1043770701.532101 1088524056.731610 0.077700 7.189609 Detection
566625831.575854 425855796.535146 707395866.616562 0.148705 7.189609 Detection
8454800445.227204 6202675820.437791 10706925070.016619 0.429781 7.189609 Detection
77178976160.976578 61412461851.151390 92945490470.801804 0.899131 7.189609 Detection
1827145220.207427 203016135.578603 1827145220.207427 0.216913 7.189609 2sigUL
3411365930.734547 379040658.970505 3411365930.734547 0.294472 7.189609 2sigUL
13142774000.386543 1460308222.265172 13142774000.386543 0.602010 7.189609 2sigUL
70754928329.517105 7861658703.279677 70754928329.517105 1.290812 7.189609 2sigUL
254130314510.372437 28236701612.263603 254130314510.372437 1.887889 7.189609 2sigUL
502036476102.287781 55781830678.031967 502036476102.287781 2.758065 7.189609 2sigUL
1466954246352.087891 162994916261.343140 1466954246352.087891 3.982294 7.189609 2sigUL
5578816295678.682617 619868477297.631592 5578816295678.682617 5.783780 7.189609 2sigUL
740305296.629927 733154210.907885 747456382.351969 0.081209 6.842346 Detection
457614739.711238 411228986.751528 504000492.670948 0.152604 6.842346 Detection
1142967148.843823 1017406483.520800 1268527814.166847 0.224770 6.842346 Detection
1822047112.176254 1459572546.025542 2184521678.326965 0.304121 6.842346 Detection
5974008720.652250 5269389452.352363 6678627988.952141 0.433367 6.842346 Detection
36232548937.180153 31288282811.916359 41176815062.443932 0.920355 6.842346 Detection
5173561790.226182 574840198.914020 5173561790.226182 0.619208 6.842346 2sigUL
28927921601.632092 3214213511.292454 28927921601.632092 1.324586 6.842346 2sigUL
57825619550.798630 6425068838.977626 57825619550.798630 1.928131 6.842346 2sigUL
260070475502.018707 28896719500.224304 260070475502.018707 2.818258 6.842346 2sigUL
474031718650.022156 52670190961.113564 474031718650.022156 4.084959 6.842346 2sigUL
1801637996630.107422 200181999625.567474 1801637996630.107422 5.912597 6.842346 2sigUL
484810902.533930 475226335.178977 494395469.888883 0.077624 6.523336 Detection
292500187.302293 222926584.551279 362073790.053307 0.153258 6.523336 Detection
4437925097.645635 3191953215.744136 5683896979.547132 0.436944 6.523336 Detection
983021728.720657 109224636.524518 983021728.720657 0.226898 6.523336 2sigUL
2111294365.039186 234588262.782132 2111294365.039186 0.307245 6.523336 2sigUL
5030421022.031881 558935669.114654 5030421022.031881 0.631416 6.523336 2sigUL
38961065393.497253 4329007265.944139 38961065393.497253 0.941841 6.523336 2sigUL
38676465085.533180 4297385009.503686 38676465085.533180 1.352814 6.523336 2sigUL
106250211365.790527 11805579040.643393 106250211365.790527 1.970759 6.523336 2sigUL
324683521219.355347 36075946802.150597 324683521219.355347 2.872214 6.523336 2sigUL
886278591055.866699 98475399006.207428 886278591055.866699 4.186611 6.523336 2sigUL
3188326616047.164551 354258512894.129395 3188326616047.164551 6.039500 6.523336 2sigUL
692060253.164024 649217536.334551 734902969.993496 0.088718 6.229264 Detection
1098795706.573782 122088411.841531 1098795706.573782 0.163086 6.229264 2sigUL
2525932322.086151 280659146.898461 2525932322.086151 0.235840 6.229264 2sigUL
6653783909.866673 739309323.318519 6653783909.866673 0.327721 6.229264 2sigUL
13500958691.424007 1500106521.269334 13500958691.424007 0.464601 6.229264 2sigUL
18123090217.144516 2013676690.793835 18123090217.144516 0.660096 6.229264 2sigUL
72923660824.042511 8102628980.449168 72923660824.042511 0.967199 6.229264 2sigUL
124750845354.302887 13861205039.366985 124750845354.302887 1.390530 6.229264 2sigUL
368906119427.921143 40989568825.324570 368906119427.921143 2.018213 6.229264 2sigUL
852172632976.764160 94685848108.529343 852172632976.764160 2.927520 6.229264 2sigUL
2536266289444.370605 281807365493.818970 2536266289444.370605 4.231660 6.229264 2sigUL
10475820181158.523438 1163980020128.724854 10475820181158.523438 6.163388 6.229264 2sigUL
